%YAML:1.0
frameCount: 77
calibrationDate: "Tue Oct 28 18:54:33 2014\n"
intrinsic: !!opencv-matrix
   rows: 3
   cols: 3
   dt: d
   data: [ 6.1293902031661185e+02, 0., 3.3698910790053708e+02, 0.,
       6.1475617099548992e+02, 2.1297975692747167e+02, 0., 0., 1. ]
distortion: !!opencv-matrix
   rows: 5
   cols: 1
   dt: d
   data: [ -1.3938942196603910e-01, 7.8486021905522496e-01,
       -7.7571547183582518e-03, 3.0015660520361395e-03,
       -1.9020877744373499e+00 ]
